17 47
35 65
8 52
18 39
17 81
11 92
74 89
1 72
1 19
36 51
90 90
43 77
29 95
19 83
39 60
42 57
8 20
55 59
75 77
16 96
45 90
1 4
56 98
40 57
52 71
90 92
16 51
21 67
13 23
18 62
31 35
91 97
3 33
37 42
73 73
3 29
46 90
13 21
42 87
47 75
27 95
72 92
26 95
26 93
21 59
42 76
55 55
18 30
47 84
62 90
38 81
46 86
61 96
7 20
0 60
45 74
3 49
61 86
5 46
15 39
18 42
94 94
66 96
35 89
18 64
34 96
14 68
47 71
50 57
70 83
21 50
4 71
14 61
8 86
81 86
17 28
25 79
20 70
17 21
28 88
22 47
24 95
34 99
15 23
21 97
37 91
25 82
10 19
2 52
56 92
46 61
48 70
27 72
14 48
61 71
36 61
20 76
58 86
41 44
4 31
67 87
46 84
4 62
22 26
41 75
3 97
54 79
33 65
61 92
85 98
10 72
44 75
1 7
2 31
78 97
78 80
20 89
8 35
60 76
46 73
66 95
42 58
52 89
6 86
55 95
53 95
73 93
53 96
10 76
31 41
7 11
39 40
2 13
6 16
70 84
70 89
36 88
39 79
26 85
2 83
24 90
45 89
14 44
37 49
26 89
5 20
61 62
54 99
67 72
27 43
62 68
35 58
35 66
18 26
16 36
0 43
35 48
36 55
72 91
46 82
80 95
88 99
28 81
83 94
33 55
54 61
66 74
13 16
34 51
31 74
52 66
44 83
25 57
23 54
0 47
52 86
4 94
36 42
16 28
3 95
84 89
28 40
87 98
47 49
12 36
57 93
5 78
14 74
21 55
40 52
10 47
13 22
42 66
12 50
1 97
38 60
8 45
69 91
0 37
20 77
25 97
21 54
69 95
15 35
6 47
25 51
18 49
7 56
21 21
75 78
9 13
21 95
20 83
31 40
12 24
76 86
51 99
4 69
27 56
17 42
34 66
13 83
18 95
55 79
32 54
29 73
16 30
44 87
52 99
18 71
65 78
72 72
1 41
93 99
7 91
8 36
53 92
69 71
3 86
19 49
2 68
2 19
76 82
15 87
9 65
78 91
10 99
38 71
75 85
73 83
19 47
31 87
15 45
0 27
35 85
45 58
84 95
50 56
53 74
37 93
48 85
29 85
19 97
1 54
14 54
6 99
37 40
57 58
2 92
2 56
5 13
9 28
6 40
22 43
28 91
13 63
14 51
43 70
2 23
70 98
10 57
3 85
58 82
0 74
15 49
64 88
5 34
45 86
39 72
8 79
9 83
68 75
60 69
23 73
11 61
20 98
6 42
57 70
8 70
21 78
22 51
30 84
66 89
1 61
85 99
2 38
48 49
51 96
0 24
5 18
21 58
15 74
25 75
1 36
66 70
73 92
21 40
74 92
54 81
75 99
35 45
18 97
19 36
50 65
76 99
49 66
71 95
13 85
40 94
70 76
49 73
1 10
3 18
91 96
53 88
52 64
94 99
56 62
16 45
17 49
55 65
18 99
64 66
40 76
0 44
53 67
16 29
32 51
3 77
44 77
34 61
66 78
23 77
7 26
3 28
47 96
66 68
30 66
11 44
42 93
14 35
9 39
12 15
53 63
73 99
27 50
34 56
0 84
73 74
2 10
4 56
11 63
9 57
29 50
35 71
3 76
62 79
47 83
29 74
42 88
5 76
34 60
41 90
53 70
38 58
18 44
49 91
3 39
30 59
11 31
15 86
36 70
16 27
8 25
51 78
12 99
38 67
19 35
10 44
50 53
21 32
25 25
9 89
46 83
2 47
40 96
21 84
41 68
74 94
16 35
1 8
20 86
64 90
11 16
8 24
77 96
35 79
31 83
26 83
2 90
39 48
20 27
78 79
18 55
15 41
60 91
26 29
18 52
20 93
31 72
6 22
26 99
56 89
41 92
14 69
0 50
44 51
39 83
16 49
66 87
53 77
8 39
42 77
27 64
30 85
65 67
46 80
9 27
65 98
15 66
18 37
6 30
36 59
20 23
12 82
35 94
16 19
10 40
8 62
28 38
13 60
34 52
4 81
18 81
11 74
5 97
62 67
14 89
19 29
1 6
2 82
14 38
26 62
33 38
38 89
61 84
17 36
62 64
81 99
15 22
50 81
52 94
68 93
41 60
25 44
28 53
17 73
51 95
83 84
31 48
26 55
66 75
1 24
10 34
13 90
72 93
68 80
33 77
19 82
53 78
21 45
59 99
49 89
20 60
41 82
9 69
4 43
73 81
26 73
34 84
25 70
21 79
49 87
59 92
79 89
39 81
34 47
45 71
11 57
97 97
1 96
1 64
1 53
2 99
35 42
17 37
50 84
29 98
7 19
44 65
4 93
36 95
14 86
25 52
43 48
33 72
32 98
72 79
33 89
22 72
38 82
26 77
23 84
24 42
0 20
40 63
31 44
9 16
19 59
12 35
77 80
21 42
39 70
33 86
36 79
54 76
56 71
22 33
30 56
26 33
10 85
13 38
62 84
13 46
4 44
0 33
55 63
34 92
15 27
73 86
44 67
53 68
6 49
39 56
29 82
9 85
41 67
55 87
11 60
38 70
0 64
66 73
36 77
26 40
30 71
19 68
43 99
30 82
0 82
83 93
65 72
12 39
12 68
6 84
56 99
70 79
18 60
79 85
32 90
13 74
76 90
31 89
0 90
60 83
45 80
4 20
92 95
10 22
76 97
70 74
6 77
22 81
18 89
31 81
79 80
35 83
66 98
35 95
66 90
34 87
45 68
18 61
11 68
13 45
80 92
93 98
60 77
21 29
45 49
14 39
4 6
4 74
21 93
37 37
40 87
75 91
13 64
55 89
36 44
17 78
18 23
63 73
43 91
21 88
58 79
0 5
48 72
16 68
74 93
37 94
5 96
38 91
9 76
10 56
77 82
43 98
50 96
15 93
79 93
39 39
43 43
6 97
35 38
10 51
5 5
67 99
71 73
18 36
25 28
28 84
61 77
27 59
31 73
39 77
2 26
8 83
75 98
32 70
22 38
37 53
75 92
8 50
19 84
5 27
52 78
57 76
5 33
76 98
6 45
3 38
69 93
25 61
50 75
14 58
9 48
9 35
12 40
45 66
0 42
15 65
0 61
50 70
20 51
9 54
16 38
30 70
31 96
71 74
12 16
31 50
39 89
34 45
44 69
10 61
40 84
76 80
68 83
13 31
19 37
22 46
20 67
20 65
91 94
8 30
60 93
92 97
4 23
8 66
2 42
16 97
11 18
19 24
8 37
50 99
51 62
36 84
15 97
20 87
14 23
4 97
7 59
73 80
0 8
9 14
42 71
26 86
7 7
5 11
2 21
71 85
4 30
48 61
5 59
7 31
23 87
27 35
8 21
4 91
68 82
61 90
49 58
0 26
36 74
19 90
23 47
6 61
33 93
62 78
35 59
88 95
12 76
54 87
58 80
54 69
32 60
4 48
23 48
51 71
1 90
44 84
6 66
57 94
13 81
5 10
35 88
77 90
28 72
58 75
24 26
37 46
32 87
14 45
33 33
33 36
68 68
14 80
21 61
7 69
39 82
19 42
1 89
1 16
77 77
24 28
40 82
29 76
24 66
1 23
4 85
29 38
0 0
5 85
47 92
69 81
12 60
4 96
46 62
40 75
4 33
7 24
8 92
1 43
73 96
82 91
10 21
23 31
91 91
28 68
20 30
25 91
61 65
0 14
51 90
21 34
52 57
15 75
18 87
90 91
70 82
19 89
7 44
26 60
30 41
25 71
67 67
38 64
28 36
13 42
53 94
36 71
22 76
12 53
28 95
39 52
20 88
63 93
35 77
30 68
0 73
29 45
32 94
77 95
53 91
3 63
58 84
6 76
63 79
67 89
7 80
42 82
48 64
18 80
7 50
50 51
11 80
8 27
19 96
71 75
13 20
0 88
16 99
50 64
22 96
10 65
41 51
19 30
44 66
2 40
28 52
41 69
9 71
29 89
13 98
10 83
1 17
67 86
40 70
13 86
42 43
24 74
15 55
0 63
32 76
44 92
66 88
37 51
14 18
50 73
3 14
11 75
25 72
69 74
11 82
51 59
21 68
3 5
75 93
7 96
44 78
28 80
82 99
51 61
54 80
15 37
32 52
8 97
62 91
90 97
20 38
3 22
32 74
52 93
22 99
43 73
21 47
70 78
45 59
50 91
32 38
54 72
30 46
50 79
33 81
98 98
30 73
84 84
0 71
2 16
7 88
5 83
48 80
7 27
62 63
87 90
0 31
24 59
23 91
49 57
72 97
18 59
72 95
74 77
36 37
9 59
3 27
23 30
7 29
17 75
24 33
90 93
12 98
5 74
2 80
28 83
32 46
27 92
38 66
46 95
84 94
21 27
34 40
20 72
52 72
24 54
6 88
29 57
14 27
15 28
6 54
10 63
29 83
85 86
0 67
43 85
24 38
91 98
79 84
15 61
63 96
28 28
24 39
3 99
9 25
37 96
31 57
21 91
81 93
28 74
48 88
13 14
4 42
50 63
25 37
70 90
58 92
51 52
30 36
63 64
45 72
47 51
58 67
24 86
2 58
25 64
41 62
62 72
40 68
13 79
41 73
46 96
22 30
14 21
4 9
0 86
41 97
7 16
61 76
35 54
88 91
95 98
11 38
92 96
68 76
14 31
23 72
72 99
32 85
16 40
59 67
9 21
2 55
12 78
1 49
8 71
83 96
16 59
55 68
55 81
45 53
7 41
31 86
7 82
35 51
36 41
22 68
59 83
43 52
55 58
12 86
76 87
11 76
18 35
42 49
56 75
5 71
9 31
4 24
12 38
3 4
27 79
63 68
46 93
21 83
5 68
1 68
75 97
18 34
82 83
16 42
27 74
21 89
7 35
19 86
11 20
9 98
15 84
3 74
15 80
48 55
52 88
7 49
4 72
81 87
59 94
6 12
88 97
36 92
42 54
9 81
36 45
25 98
29 72
46 65
56 72
40 77
53 58
29 80
48 65
51 77
6 79
77 99
68 89
1 52
13 93
7 22
89 99
48 67
3 62
52 59
25 56
26 28
22 80
5 89
24 31
34 81
47 50
22 97
6 58
54 54
39 86
58 93
10 66
20 39
39 95
10 69
11 41
8 22
39 68
23 55
56 97
21 49
17 68
17 41
34 63
6 67
33 82
48 78
4 99
12 85
3 78
6 92
43 60
23 69
77 79
30 49
13 87
5 67
55 74
7 87
71 91
35 56
64 97
46 68
11 22
37 90
73 79
4 14
39 67
36 83
25 58
15 64
93 97
37 77
10 79
88 98
44 88
19 39
37 44
21 35
34 68
82 93
34 78
85 92
9 22
81 96
7 79
44 63
27 99
53 75
43 78
40 97
29 48
49 94
3 41
12 84
59 90
85 85
8 55
68 73
9 30
42 47
36 67
26 35
45 63
62 74
41 61
8 47
44 49
75 83
5 62
3 94
7 86
80 94
52 98
25 65
37 68
60 68
16 26
