40 49
1 39
34 49
2 37
0 17
1 7
27 44
21 29
30 35
6 33
24 33
44 45
16 41
32 32
1 19
21 38
34 47
1 12
21 45
7 16
7 32
2 24
26 26
21 40
2 43
12 30
3 35
9 42
27 41
14 27
3 17
2 10
12 46
26 31
24 36
4 32
16 37
3 18
34 37
3 48
12 48
29 47
23 27
17 17
6 43
6 31
8 19
5 37
5 47
27 45
15 46
1 18
30 33
43 48
20 40
14 43
11 41
11 23
44 49
12 23
29 37
36 44
28 35
26 27
29 44
11 27
1 14
18 25
21 46
31 38
22 40
10 32
7 30
38 41
30 44
27 36
19 29
5 22
7 31
0 0
0 20
29 38
15 42
25 41
1 37
10 15
4 30
19 24
2 48
28 28
1 9
2 44
12 28
29 33
10 30
4 22
4 8
16 46
2 28
6 11
5 9
10 24
22 35
5 35
6 42
5 32
20 33
30 34
41 42
14 38
0 44
39 40
34 38
11 38
35 37
23 38
1 27
20 41
21 37
5 36
0 28
15 45
7 22
1 42
35 41
18 41
21 21
0 14
7 11
15 32
16 25
18 30
10 17
17 42
1 16
37 43
28 36
19 30
18 37
8 26
8 13
2 21
21 32
26 47
21 28
24 40
26 48
12 39
26 40
46 46
24 37
2 32
0 9
32 47
15 21
17 25
8 43
45 45
13 15
22 44
3 33
7 36
20 34
14 31
7 15
19 46
29 45
8 20
13 49
14 47
47 49
15 43
4 29
29 32
24 45
10 36
41 48
15 17
2 38
2 36
16 17
28 37
44 44
28 47
38 44
19 25
27 39
8 16
40 43
12 35
15 26
16 36
37 45
39 44
13 22
3 45
11 18
1 46
29 31
3 25
25 44
5 39
36 47
29 40
9 12
21 27
18 20
4 42
31 35
9 36
24 43
8 30
7 44
10 21
3 47
23 42
10 22
43 43
16 24
36 36
9 33
14 41
20 39
14 16
14 46
10 19
13 41
11 48
36 41
28 41
21 23
12 14
26 34
25 37
7 48
42 44
25 32
36 37
8 47
4 49
21 36
33 40
0 34
12 26
24 30
14 33
11 45
4 11
9 24
32 48
6 30
32 49
5 24
0 3
0 12
4 17
38 49
29 34
21 25
27 48
10 38
2 30
43 45
0 32
3 7
3 39
46 48
21 24
29 36
24 48
9 35
0 39
21 22
25 29
4 12
16 44
16 19
26 46
4 5
41 44
4 43
19 49
27 49
6 47
7 8
34 44
47 48
0 27
18 35
12 49
10 10
6 49
42 47
37 48
0 4
5 31
12 16
34 36
12 37
16 31
21 30
9 19
9 29
18 27
18 46
39 42
39 39
6 48
3 24
13 36
17 34
2 35
19 20
22 34
24 49
19 31
1 20
23 44
48 49
13 20
3 37
1 43
4 31
5 20
7 13
27 29
0 33
4 25
7 26
